0.32728
0.33343
0.3397
0.34609
0.35259
0.35922
0.36597
0.37285
0.37986
0.38699
0.39427
0.40168
0.40923
0.41692
0.42476
0.43274
0.44087
0.44916
0.4576
0.4662
0.47496
0.48389
0.49298
0.50225
0.51169
0.52131
0.5311
0.54109
0.55126
0.56162
0.57217
0.58293
0.59388
0.60505
0.61642
0.628
0.63981
0.65183
0.66408
0.67656
0.68928
0.70223
0.71543
0.72888
0.74258
0.75654
0.77076
0.78524
0.8
0.81504
0.83035
0.84596
0.86186
0.87806
0.89456
0.91138
0.92851
0.94596
0.96374
0.98185
1.0003
1.0191
1.03826
1.05777
1.07765
1.09791
1.11854
1.13957
1.16098
1.1828
1.20503
1.22768
1.25076
1.27427
1.29822
1.32262
1.34747
1.3728
1.3986
1.42489
1.45167
1.47895
1.50675
1.53507
1.56392
1.59331
1.62326
1.65377
1.68485
1.71652
1.74878
1.78165
1.81514
1.84925
1.88401
1.91942
1.95549
1.99225
2.02969
2.06784
2.1067
2.1463
2.18664
2.22774
2.26961
2.31227
2.35572
2.4
